39120135074
41000794955
2303579068
40598985950
43521894134
2289935373
38264008697
3421660892
37296776475
6723949944
44063059915
34681805128
43481139732
31388837151
30617444222
42134503617
7050821639
41963900772
43812796108
14063546988
43694743942
42247696069
19545581478
43654982641
24993048439
36985853047
42352669602
43526570536
44793048826
44614888407
2541481879
39180322431
41337650933
38273984938
42108166916
44188387844
14690040544
37270409421
44058909868
39367084998
39894470854
33262518555
43806506259
43829909571
44329558865
44370066258
44083634936
41662418083
40714856259
1776184081
40474932717
26655279617
43733679466
44929325051
37281885337
44367836794
40499042503
1824995052
22970425202
8390677974
6036852544
41376473225
41100029073
33169927043
44237046999
28004824938
4218836951
44315743478
44463319891
44333573027
12350698145
43096320508
43626303987
13971904620
41868717800
8768749427
14537093484
41110367754
39521492139
44962265777
19685646165
13698054708
3284780547
2126481670
43073548850
17419807349
40534557197
38308476667
7604446401
35301788381
25980210777
25377751653
38494073196
43480995201
42961916171
44292179536
43855571215
18184136072
4027257242
21248821143
40046268785
14081205887
273310973
4982720506
42973232534
38542794680
41394790596
40850797462
11373375433
40752793783
5344655878
32973235292
482863125
4883867218
2258447649
29041187334
41543435312
44105623416
12064191407
19487859344
318139
44415873754
40941575864
41563900569
30820958322
42483999050
35844247253
41115007448
44349907455
41326829298
39855491241
1559352674
40750807182
32690046011
7152385157
44069015075
40174931824
4906338362
1732217156
40087996047
39170439755
32298261
44886585885
39446094130
6256377878
44126209677
40366221883
38552407921
41079835202
4878388979
5799623423
1705697745
9283704793
42007573699
8004544331
38161890657
42980354246
6015160959
20023523809
44033353383
43044931257
44462980342
42674876484
40731398394
44511731390
6261535414
1315549529
2319616740
4269300743
1523719043
38278142181
11803072925
39749024604
44710593693
43406072166
497063017
11664597252
38986562092
35774164470
44606474650
39549320912
42733542263
1968679582
2214246595
4771739030
24491067424
41305077949
35528141700
43646373798
33049624221
2278794541
4768141329
44411353358
44305000554
43088763474
24522914524
46343685
40986363491
40963530910
15756841812
1993690389
44928496593
9185953856
42667601598
1086865972
2279312303
8119459317
44673932745
7038966188
26173020042
2031070686
12672291367
39389016724
20288099105
27787881897
1532177859
1637752306
40174575263
40223313285
39552076065
31337884199
25864322256
7701044301
23304452572
44463280914
35100034235
23313978310
11891297060
35044652940
35649184093
42513403344
34926987342
40693912870
3036607303
12499488264
4549950629
29368290601
44322097072
44467686420
36325308136
44373923760
10166341978
33679124692
2280518538
15718412597
6313454466
40267511113
44552344859
39416259299
36409849307
8563133763
39629673543
44229625497
25783115556
8755826116
38754140993
41460073060
42518953796
39718512805
26652356579
44032256658
44707065383
7474738650
38889258852
44502387238
41808891810
7548565263
39167943197
15464973370
5815146596
14516852678
2265696177
1573712597
43487121278
4862996694
2752298900
44209036804
5939709073
37836620961
4133737316
43626318670
3511941359
39891832055
1392534556
37010606293
43896937948
4841464627
22093837015
5593984653
44307176080
40377357743
18253955969
28870620693
38035734445
13070853777
40448178955
44225763484
1653944115
2225587320
43655594252
44670184327
41231978975
38960594784
44731661936
42048322504
4051566512
8023724057
37327445128
8494002634
34189210663
1244656852
41672536374
44203637436
33225101591
25334187253
40224281373
12122802024
37241769688
14201561709
15969565625
41386778776
43265173173
35170617703
8469226391
44476217369
27687073507
39039351478
4466977751
1510982769
42651581844
32281004960
11169953041
44575107090
43945309590
7068506763
34392416451
11355934404
41610898872
7383655370
43473562587
1474625182
2229599825
44342648926
9131191201
39711927597
42985386782
1496259170
40187937649
44327116558
44758368033
42932567658
40619852148
38352561824
44049510002
44896902545
44241360829
22171086910
41955701582
11164304553
38832966194
43053690752
43712353881
41338173627
44423644799
44697735159
8535939089
44404166769
38521604729
3976335300
29568549026
7722799052
41566369971
33941506090
42903612682
1455291375
34994076919
16394007325
5764594773
2229984501
21021791785
40878415686
44312189876
41465384137
2059632079
25472966583
40257164893
6736032461
38238780931
8439437080
38761854439
13377285788
44552663724
1721616484
32446157482
37631728078
1356756135
4334051983
1603106668
41254143700
4049153405
32729613866
7752875317
13804340584
34593717083
1553273802
3463509081
38552987176
7904033638
44232124173
7352861912
8546431055
6042474979
17910820451
25836018263
39531377945
31538804595
44169370690
44026991220
39808263734
42672486301
31846164512
2806748543
43843302760
13337269699
42381183446
44094511575
1778549171
11225971959
34433337340
9437392888
36806270919
43009982776
44119679421
30650575686
41728894575
44236224755
41436466408
35420689697
8236990585
34567435787
10840188193
44437130144
2269513128
42179741084
43959397620
38050821711
40963052705
40115400676
39616220650
11595370742
27146753273
3091915
42501175610
34243049051
12011483765
5051845399
9036559565
9136816926
40819372601
12049892746
30299935589
1491215377
9909465754
8953031380
39515538036
36851368557
39719129490
39064461497
25221343905
14935527131
1981626498
5567786738
1646766479
11195738829
43125346253
37868173157
43222633988
43799135161
29815239909
41110043816
33198621386
6092777880
7616750834
294256833
8608375959
7621753624
33405098532
42833340617
37468766091
25934332938
36674916385
2953389735
25687119411
41475002221
43568324012
36636381782
6375082432
41198821925
40508459487
8590473762
5606329250
43880842509
37297234842
16822562056
4522882993
44884674471
8329169547
3613167253
8227665031
41160197876
1412965800
4778331354
38280530762
4264724144
8290616869
7263834453
5641408102
31609792452
38797689725
34601526892
39460848431
44033998317
33546428403
4456331956
30015035189
1955367538
40966647232
21309575211
9171825965
32346253549
4070939586
44487302738
11374839465
1506338637
12139720506
5469765729
4193230054
43642366369
3254050605
37253830874
3170163560
5369536229
34982112889
40499602927
1294838515
6749026874
43845530572
8196190984
43892446410
44286898227
2033768136
40041656156
34110075656
34986068191
38945551270
32294814213
21363863430
12294573198
44121196607
3187608124
398843015
39757523507
32075386622
40411010028
43123158765
15046733730
6159735199
3158545510
43573597275
40715849380
33925197270
32920549660
4097609349
44235211507
36817683668
1307047468
43621463505
44526881066
28033050061
17683895407
43851963045
34750253873
37538077415
34103443508
12489147111
5484224817
32475667288
34750460975
43837687075
43927813456
6029019789
11563903098
15148411863
40934440417
3943858165
44686234326
44693430903
1835204586
43749342114
24883216449
35586916296
25597895271
26279612909
29667400026
44050790332
33124976285
32086373441
33925563543
40729608901
34662353939
42622273667
4778223666
8496559861
44407518884
1902867016
44575807859
7675741255
5629120116
2018751930
17810688584
8678977336
39057714766
34481438609
2109717224
33725669278
7102899356
7323330364
43842010155
28476571104
39490494912
10362882216
36779689834
31754054413
7691240365
39447240600
38280867083
35410133676
39379487324
34422152809
6219647121
15652834954
38072524614
43104158744
34131381432
6080812028
5854211739
39063393029
43138622522
44218204775
44105111466
9177050277
10753643927
37690837425
629063529
39706323118
35426691701
42080405517
26466217320
44032033624
25979525701
36976537804
1959211754
38564116252
967197650
31064458896
5883636046
7487508023
7049933596
39180591372
43603427454
13764262277
8627332510
9205465011
36427067606
12051252700
38305903975
3554552955
4588372861
34013763883
5556129017
25846974935
1539634187
3415580704
6147828191
29160272572
6177062342
3954307549
38251897073
39669724700
7127228540
13741816495
1554287647
26343448950
33262613360
7759475501
38893462353
1977705848
5604136583
33689488336
40334103423
23305573005
37500025276
2307104758
1953003030
39364014404
3091620832
37453902411
33882583515
40184022185
13323425297
33143917988
17463310063
39373925519
38343303255
34254399314
5502378703
28338736989
6319153141
5110122456
8162442517
9666352366
37153252429
8581245175
42124244297
8312145155
33705740383
39133331898
1717098120
41555657931
10571247516
21213371015
34619770401
42745450119
42034277766
2082131718
8908135796
42549965770
14284252570
8906686612
5719223200
31041957818
32730061515
3140271739
43849122747
16477826012
6028142179
2031787672
14654450355
36000129056
4736621066
15529249413
44906514728
1602735731
36425110836
34861354299
1791917294
14062027813
5823457998
7623240044
31921480132
44323477199
13736828881
34929765945
26194824145
28267619847
36808024123
4211620178
643849807
10136091560
41364264873
11617054237
5962065624
8457618527
38524146389
28154111908
44440113716
44659784747
38308895390
32295836464
34239715668
12140041797
4613154617
6631425348
42496192214
1150936496
8174746489
8119200453
39367116926
3280963505
34688034559
44109096363
35145841267
39243213063
11701923362
41185699797
40775550485
35625064145
4649684523
6256337936
38212399473
26944193596
7809737261
38644061139
35825451693
13086672717
32216668908
10732171666
33701107175
4150168886
6372858622
5904117868
37211377704
8603458217
8305846216
21968636980
42666390572
3528186261
37468114787
6232502204
2139868736
9443766931
25448812445
8155200926
259934841
12551436867
11463245497
44643193592
32557882898
43089496529
34339917162
37772223436
30260317134
18289422723
39923354055
39679151397
21301806620
44323938281
39609933467
1911939240
20310521527
5355151900
42731866916
39475802843
2259134993
40161336677
32010692685
34154362415
38719113695
8268295076
40053140295
43384310274
43079105007
40975903079
44567821482
35596277268
41960602395
6367810308
38889747948
5111242902
7466971822
37506968162
39183641149
7110447740
43077551937
4963476677
31595964702
35862279711
4988432621
35233734892
39689771438
39526862050
16492635243
1705689439
32751219839
11839316540
17662674815
39936659934
1681710048
8159573440
9233572306
44417572822
30074727604
30630741944
18158492225
22935881890
31620548139
10499071233
35320760044
40933347758
1942445301
41255730002
36315317629
9853237678
5409099378
4333021328
8597045006
37570864427
12549739339
26797929163
29330626410
39723262364
37064729903
40008563879
43057646974
39395152655
1421561861
37786201037
38813557580
43077630990
7180902018
33736580448
40531953135
31151135661
34127599618
33892476038
19950091416
13858141530
38736167124
3611663870
39513115338
41367682651
43485326704
35695832473
5893322745
40889949094
40249097853
3250031072
3070528026
18776709386
18248514081
39809974584
315979579
35669397749
10263881971
5563064152
4359882327
11201479596
328
23178827915
42168458510
6991581936
37573470735
36094725405
4174289605
34971047271
1660373699
1521757477
3003921256
506128313
29169789226
7731009307
40976578215
34642287649
10583241019
43897180392
31335675669
22611386371
8215653520
5381643261
7505641332
36072370771
34702121396
2266572146
34274991322
10858133936
38227837063
13589254755
39248283032
12118730925
25468992017
36889789358
39506558235
32710033272
4130092755
36798585498
3214114650
32823717465
8950653307
32530722171
8062137572
6946944517
34570441991
9522573273
5425509130
38589116556
5367515752
21154372247
40172033886
42145804814
5022988112
3270918278
42907073118
26550130776
6903810724
13610567465
39864132397
3138385771
12287001777
4778733724
237052260
38740388837
7142117894
44900644472
10489873
2968951144
9972693984
6755031101
13631105286
42902249160
34001092848
9144308641
35163592468
1263856980
19938886902
9309123384
38014246891
34094109610
44530961776
2256839755
43255622248
27976585089
31449341610
7517116145
9186121763
1196100005
6504179723
3260555125
38508919341
43022122346
44410372418
38577405549
16481606599
7714003312
25704397752
8043820813
3887943346
44372060254
37923996519
3070039022
30859125110
37068725324
320060879
4426606589
7464043681
31846976001
25326885442
31984262240
4398825836
5781636233
15701111058
8473621116
1449421292
21544832572
8590745661
7157651364
25758119639
13511254318
34415129241
14904863695
41077245458
16248411525
7896971059
4703467615
33251262346
43832204177
3666833118
38997205386
41309400779
8365023317
17057633260
7235642714
5520478019
13466379635
15431987073
1606566364
33620586494
7187934663
6345706493
38702006482
7185164864
34097817704
39508510000
430522909
17383263982
38018304740
21010638351
2200890450
9372193131
39037193352
38762639906
42321657527
16364247014
42324783656
5649993098
5341670521
29691335715
10089314022
6305970929
1369979761
39892417187
38464823528
17440818232
4094151802
26345852889
42489173245
1784608241
26683385152
14782246519
26306590095
3471687224
4525641530
8085075846
44063079155
5325099107
41386169920
266864350
2085967847
2182363307
218975375
1367178180
43061029458
27912169420
8734694920
38299042944
8771994224
4530950496
7290959388
16108723963
38481684584
22193930021
5331707607
41570121372
598837616
6575147247
44662496748
12629187329
44071464660
36642540786
4968357847
7663851612
5609346410
2278850477
9841009218
11423879279
34080401898
29889765152
4025593647
8475457167
21460911744
2342302272
37408541
2085242617
30014259995
14962001962
6982714696
9226832359
3949652089
34955902563
40825868288
14262672708
1946229340
38230764742
21405925922
29763593276
37830485950
18597961056
7215316540
8031393299
7722809326
13035542979
546812665
25780849335
40964006222
6144372474
4099332194
36393424883
37716680988
7561021435
8636550156
2109964224
33636234309
16656622843
7480060513
39966098504
36103555981
39492139261
7495300270
1473805954
27730359197
44419770861
3875334081
1466587628
35591119012
33603504730
39057866783
41522136480
38818176323
33464186078
5694792294
7008952689
7846528492
41591816000
5924331514
25978232473
7036505183
1440098043
40979811838
37386811509
32950670195
6086704497
32818692514
39612284592
29174512723
31549342529
34948522664
3638745237
17780836885
18520797014
38338159210
1446882914
9466446927
36994016563
3676687567
34018318088
2125458429
39024520804
555257696
27232512767
4781408448
8220628051
34201134731
2660941027
7246379588
35681138475
3230217042
1757446298
10807702529
636710895
44921777708
12855384008
1999336601
33239709603
21384677835
31839220790
14421517783
1433836288
8342528004
12251792283
5456749864
44423010934
39435058371
9781362597
337677504
4037030649
5697860511
255710299
6888600300
7153770605
39256876430
44182855830
31804760794
4526734307
4712319558
9269129886
3202072522
22194327076
39653015816
11411709800
16332922801
13688822935
1834149533
31570162389
38324000322
43922895628
7508511334
5545306698
16870545859
2876202063
23389160463
1433674909
8661466195
2139685725
7714131264
44304025500
2160559293
4845558966
13767160432
38903647611
4523756409
3293170537
7444192984
3280450372
12102460012
35527541877
27388557299
6638013674
1993123444
31705306204
37991122459
34658156351
15068290730
534964368
13380963629
31124016972
7432145190
8403584065
411748116
8979116473
14053591643
4055949622
5687007363
30278053534
36370126421
1449520102
2537502703
29901588319
23915142726
5860721513
27055754691
33425933889
5665201657
36653349311
6674583648
38047568557
3157645226
36393259730
38980745249
6925976903
44425369982
1801576368
9789737030
1241460754
7133760857
40602600798
5643300785
30650629114
17292726782
3974880809
29703217
3531475918
1925055470
39039873314
5072024549
21777251047
38521762537
2258933105
5725835753
43306512694
4553151628
18739874541
35042518862
8663930135
2311834281
5808850614
7327197375
40220976329
3045736874
42348214482
4279869869
6355978088
37688701202
43894116204
7175090470
36190478450
35122266373
1718147252
2323383392
8942220303
5638905132
40104086911
33402561579
8273813573
27502580476
7727807810
226299210
39461689046
23097084033
3028531794
512709979
426230356
38113746369
10690658428
4238809132
23320425003
26987190394
1701763107
4464039826
11311377343
39388183465
42397635535
2955779671
39615242853
31593383661
41059977791
41109772824
4682220585
3487806822
2327541887
37095015122
43794618216
6269389703
39466560008
21292604841
44052677253
31978314169
37817111237
35447153469
5496305092
21873237500
33661314641
7141761071
4531824392
33378140253
4759566469
30277493658
4536153974
7991614736
5756961713
28848206736
2208421731
29224414960
4048316865
37735730217
5791194644
26458958271
17529691350
41451569458
3012956069
2205112620
29522693923
2195178251
4174905527
5482514692
30514378952
5727325973
7803681865
6975445159
8104099767
3254521564
35333621629
30539502818
2092214073
41525485678
35297193032
6777180794
5273015707
34800284875
6318925687
5368248306
13367367224
38027735210
5420735841
29182586765
8219058887
7563048946
7524729301
43812069443
22416069039
15744894417
1581934562
17158840046
1558577915
4843951325
7716193751
25705551284
38755100500
5412407580
32884897763
1514843314
29429096759
2962069280
44489644758
5425418028
11146376099
3542923276
16668928265
12046072062
1495340467
42587861850
39065999305
15255442075
4990521448
5394701943
3953159455
39130275746
9128276489
44531036248
38992199285
4358507547
3646848994
40679705399
22404080252
3692616606
4023026642
17914279362
42855336166
6741797503
15123536233
411714364
8118317744
43253584153
4262799144
4230126389
6943446397
18050144957
42011455605
32692562925
38829318224
26254188436
44505561707
6296775676
3552852798
13687960312
2239390368
2209916683
9126846214
9289587899
3453368281
42054326913
6018835101
6605866106
3797272768
7036143774
39187585508
16966955260
15669251253
7016556478
4320627674
7980375915
20354523539
16671763145
9215292732
6660604846
18822594433
3001948105
27400704917
3427118090
1273358427
8494448215
15155211926
33743672092
16820247401
7752475391
33865672287
23705624589
12999905540
31115964894
2009170077
38754874566
12121484162
35133601919
7854833216
6986605696
14718233075
22362144328
27532157277
8080562267
1757380066
30614589641
7981738337
31628236280
36061244943
10147518565
39558237757
32881207442
8708101766
2997755181
2280477743
35558062421
38517127297
39188064866
3135150230
26754325907
24799400326
18977083557
4284018384
1432031109
2063431697
35340306104
9303963788
1612228759
1948802049
22222430724
7842181661
4865338298
5331616005
7445930868
39255836587
9130793418
2242143275
360144663
4150656288
9637684964
1253083475
9955168933
31394563726
33922837541
31302179420
11577054101
23358200739
17304266877
7827852361
40133960332
13688147486
28150877900
32186080104
5803991985
11119001536
32663338507
32524726747
39572764886
43805585149
21219501878
12246774579
7736628782
39652403469
284438380
40951581133
2901848402
2128890216
7265516896
5991001483
5772452214
31243096346
3876457806
43823405414
6647769795
4330198373
3892621883
5806037674
21547689223
8526851869
5761226945
12723761634
22573002494
3036454689
33044964986
1551902934
6969942142
39380494026
1506117814
19719035999
8071666802
42353587262
8610149632
16608329097
2931106979
1514579773
43854036551
30417970932
9213978593
13288038920
34141348142
6802419652
32791328845
32438631961
469756525
9893674084
1549823360
6862381286
2958231870
40007340056
30813745355
1548540005
1463238318
1668367859
44528530437
2308900901
26760394358
43000258180
44447336159
35451645946
1639540262
7974071765
7169753225
1741189233
43986654988
2046167464
8302398352
27647094824
35294558105
7135789182
1384532910
9138017979
34479666777
36057744294
32414057720
1503832620
3929365639
10273686138
13624551290
12343952668
9272051786
827790413
15667848685
6059983020
2987559838
4820032743
4353531544
43332031214
39880389135
38348614505
15025634191
2099427168
2536488344
24398288469
694058450
2901435814
17714222284
5735051259
264963122
2305667450
231606821
3192193134
637768324
7813388701
16938491649
14568071338
3460476368
5890180695
4025385515
27492512437
6489079767
9311655076
13822565897
35171358420
5619230545
1275618408
33222332247
10246314447
36561957802
8626366106
8761815518
40117100239
12151221077
3279947605
7372272702
8624789768
294426302
5725000643
36730480947
6165630258
43867918787
9301478505
3466566393
3037759307
4117215473
1423924375
7731685840
2298704411
25138049136
23774849440
4737538302
5549473443
1432472532
14252079513
8526354733
26419598031
6123677122
36980280303
44218308177
2125178430
7165725408
39718256773
36057792783
4174357591
3043300709
3321927329
21508764812
4866315243
24833533263
1513326273
1916768754
1683189285
9951674645
2525983169
7994589186
43856097165
4087901785
7784109205
1681210604
36888505608
34884468129
1464211463
2329862844
4079387286
2241428698
35616363417
33793171861
32265529151
2298145813
1145815830
6074185093
1426424084
42558076624
240157245
233589091
13843787525
8516872898
1469932378
32276983739
5778508315
6286976695
36608414591
33035506997
6674095718
6090830825
294069544
39989372225
6000134635
18614618607
4332193399
1757250255
6156923541
6551349272
17965811
3744181861
1723001656
9498966933
40870552120
15161159613
8365960458
33639354371
9181145442
1502750294
6979063123
32538896169
22114176169
37381489806
36751745932
3656500088
3433737891
37584385910
1605488253
8124204253
36990289515
44238572120
14728092606
4639391641
9012789001
23137965054
32744659484
184511348
4790405683
6147809956
7306270442
3762441201
19031987995
7401852754
4120555050
4202368329
7345572921
39168617099
31939368976
1614510489
27296217957
39245014612
44212530278
12242971398
1916695043
2250663971
16105337217
35520870302
6870633158
507663918
4651334040
39444655576
1537286788
7468282449
1462044056
13703842370
3993716931
16696870126
3988695706
30721729942
704319070
16012618080
361534449
27270016443
1380138432
38208420139
11366629502
35563713582
39738533777
12400060435
38531570753
6197733962
1456586084
32827135356
43868999977
33746659178
16506512184
4821015251
3186090507
8674295501
30305325087
315979496
32574380020
7625895732
8445717726
1186363445
38469455776
9785198267
42650582396
4003215679
513022466
13985010076
8068747747
6016895321
35381315677
4299595545
6614305183
40122458187
10186359586
35366049052
21672793204
1072019311
260947728
11386941313
38503911202
33166723752
4020194987
1386661501
30821691775
2244720619
30377004758
2269934949
1494810185
1739174493
5482877791
2917748281
37626378511
1657756081
34713848698
1277374504
9252593384
5360155877
16156680425
4707522707
8469638100
39374514367
8774188019
5454873830
17938539957
35088896077
31294780708
36186122797
7055940813
4849949979
10905990948
1336407553
6733119260
6553445351
33377786411
1969856892
27760591625
39886428579
4610597108
39323495273
7141410878
1738903818
6238875203
10994036916
18790092758
44882859354
4648781802
3195954697
37518056463
4319999963
8262335742
5512642265
38466308273
30996788867
1592789192
39038366987
4467264811
3304787296
7215982000
34442587524
5315133325
40767190505
40024139012
3881349157
907655695
4489477680
6879315446
1538275249
5870179609
6200218706
40769839194
1630462389
4479278975
1662207359
38741261455
7510240864
49970825
1631126872
2047008503
3208684439
39200824264
16098751542
33480225575
5746287899
5632321727
6946286102
10136409133
3967064019
8692415696
2964131937
1781467586
36615421830
2227578733
6734172629
883365247
5694515508
32436576467
371128771
6934712364
9034214394
33383638861
3540167860
11712743447
15864818286
3559640149
30408800792
12574929365
1647973184
33954146125
34389720182
9671960247
2202764210
16236291671
4193525843
5528406472
18264128629
6272758424
21808776445
29566140150
4680404068
44519317124
11680763067
3093603243
4865155250
39482545712
1575891443
8097810462
6753857353
6002983934
4012184802
291717029
36828744286
2363799828
33766057651
1551976237
35687511829
10000893338
40991028051
7371516112
40401190022
35883513191
1531377414
39406385034
22951501432
43883055133
7859600414
33511152477
2667928490
4215443242
40694516087
5834034840
422230642
17605157376
34491083965
1585560583
6108717036
33871403305
1620204146
3686344539
2886351111
7300054746
35580310822
4951777973
10741509
3655784992
35865490637
3226875844
358925557
12144316493
4455500272
660420143
38582791769
5080090960
38974925974
10141019547
38536727063
37366881057
4177985279
40103545585
1132809827
38921727528
2271915426
13681752793
17701384019
4775718833
6656011285
7126619480
26489025798
2214730090
1904819269
33682005729
6231652410
6983432073
10206736103
4349584854
1237192815
726024956
3314416211
39068788083
48198982
19113200680
33073315042
7742249650
14313892546
32577158007
6266905891
11318167444
34481925334
4006278879
3063995005
5649422979
41557859107
1486823831
32806962283
36004672526
32561545017
5888799283
10514047505
1507104410
8683845870
4775975954
1975676657
2158755101
40734750616
6470333005
7948715971
13306047077
7066659355
21900472704
8944071541
36736529266
1440037043
32690347261
18562762618
316005040
9421381175
2093441421
3174143959
8163563512
4426995485
38325479142
14810384905
30730054236
4307485199
25049815408
40534090906
7660015050
750615635
10134818120
7869301282
4788323919
3485474520
1972100620
2265790414
33855249819
10201939727
37490151465
1905385752
24825439918
6922903460
8342227024
4682662581
30063362008
3165026399
6437529546
30773986281
4573822429
37445686722
38577590798
38330520986
2987477695
26935847515
6948690592
7950919247
7294274590
32400098584
24845030789
2076232257
11568206935
25252423766
1154837917
1412571707
7879079902
2107880270
12392077800
8601275550
29298017924
37056080565
1165304458
4112967076
5444713392
6251522224
5473850902
7230939208
23893117
36609549846
6208416468
1506053992
3419749367
9659396268
1811661915
3950377171
1516792007
6737688756
8073928021
12487718923
7281950409
3171686755
26640258772
4291057476
3177709231
1472328488
12424922543
4014253211
4251801533
6788394021
39241362837
4177510710
4221929052
33237431777
5348716929
33615725292
34570307779
8087870289
5447802208
7605900420
10385640825
3623616827
4306042608
3068874923
6842327672
6846887287
42690425787
6169266774
9151603226
6213307325
4055922782
4029246272
2338010288
39729279141
2860928101
1412432106
31073265433
32185804339
4683074096
38483154282
36544828551
3656658965
4193827698
8495812695
292745027
3270808690
1920311499
5978822405
21482569436
5861741061
2015794130
36832949253
42369880070
2690473518
379919835
9016751497
8457183613
37810580236
1907440121
34836662212
4782007388
17120864628
7236773915
5461212073
8380224403
4054551628
10587903127
34660430311
3996064213
38518070
3643055875
32671935839
33925857611
7829166447
5479436372
1367077798
2065120663
13075621832
5971554877
1570574682
1730231043
5443359279
36909592753
7487502079
39632446708
4049453025
37360115256
4035173563
30113703424
8625719144
44057390394
12027564937
6974702726
8653732352
17770064671
5350533159
7222675428
19610194367
4181888996
2533244183
39935788296
16212192586
4626420751
2551135052
2263641651
7473139711
6108404209
3091136193
9167815348
518545205
916338585
21538388270
5795441449
6203454395
3027167155
1488282162
1503906863
2129882709
8592809735
3562989269
2128123010
5385724217
4633810175
5352215417
26104656791
1365283846
17467049645
1172761849
8216521465
7157350861
1405016063
467931380
1300138042
2113077055
422584435
12124871420
6066322436
38792356474
4058304507
3306540953
3899727639
3690510718
26910497904
10468187158
38414231349
2118109737
1504822545
2305779328
1687852714
6688762593
4792788149
6846638759
33866294378
38444178757
38683780334
1432597816
2148967481
7795650410
6087199114
6288611098
7209591692
7395826454
6755311916
13445573866
36265857758
43566132747
1552238003
18317264848
32242872434
1712842313
2269828708
31620186088
13481475090
7605521716
43068648553
6222716340
273249596
2155534005
8971301299
2247845227
20266104816
37446615380
8619914908
3972606280
1468774643
3311306702
7350113340
5586788873
4317146208
6329596046
3188924709
33197862704
4090916182
1452694350
41562088118
36665976067
1638469299
1708032319
23694219542
34720023284
21294887989
3157368371
11187765798
10513014216
35919787625
39634003275
3701699571
2159102340
36189159981
6001120117
5674265079
8975108856
20305727950
14352915029
3462712361
4792311734
3571346219
15361767531
23362899883
3864955229
7868814644
8003115923
3424938824
1972023554
9201948217
29868336002
30046293631
12595232170
3115188881
1638199472
23344272557
17771876141
37736441970
12894842795
32426165631
8520831685
1509803189
28899217850
36816387077
37007369408
1943501370
34359091082
6532718852
8048600128
10882431727
40328575000
7014609397
13541190784
7342013853
7436920821
28444072608
33049693992
37459723255
1683630744
6276591276
5380805133
5462020593
2282240625
40198179648
33993562050
16631665448
1537921018
34478605193
4099441154
7654809634
13777845251
1418169263
33760356986
39370667612
8151221967
4545888845
5405550196
8306379920
12084195786
29853142582
4034489014
1413577640
7796416161
9794248453
18508671472
35445159563
4715124756
3404590048
3270154189
40394259116
2273422706
8464966712
38424650530
31533529501
36597080940
2071680564
16614741719
6247875887
35787385433
1649510884
3111153608
39411102910
508641647
41691767887
5316885281
30093711709
3971240656
8489176736
2321884005
44291968164
1636511819
28324187462
39613605696
2983223384
14722738987
2241469820
1973897400
34366953370
1405567893
623904031
31489669930
7420268157
414454841
31208171851
3501241644
11523976256
7197844847
6201543461
2071400389
35102399640
36834847076
3978247508
2536242520
1505062800
13832638240
4181792044
1813961554
21368395354
38505408592
18511529575
39500603653
5453863440
30354494524
1507308494
8774867620
2947582680
6993454088
4109129004
39366365776
1331802048
2701460929
7650135784
9908633522
19130420796
7808970022
3124151464
12762779565
18568535481
25717216
5560467291
1464682699
23863932151
26884328736
2079342565
40202591349
2311905891
5532142915
3060030474
3044223154
638023499
4354407819
37349337024
7633388560
5577951684
1112709774
1216677412
4557038739
15919566995
21672473191
4139789316
35872483889
5477445927
3230243398
4565682183
2045738211
33701630235
2127083352
1283649355
8434188672
844577911
267921622
8375934511
15267568479
12515990052
8599463386
34331378600
38758526596
28687289778
7073119129
4451659467
2264079018
37131929640
6667738626
38965071458
36064750798
5775245466
1346805072
477376476
3205505984
10607795431
5786518265
23093017255
39643778373
5939651327
43895802757
2288485831
4152167490
40993216324
38785191136
39855258908
6955790180
8559141297
6259454624
36611938687
4062877612
1723196965
304655324
3595066576
1381901273
41785450641
4457398795
1702449348
7247977135
37628661272
2073682785
29181578010
35208878203
18571562225
4105891994
32743379633
1946087962
2044909879
35937493092
2142140311
26097450513
13052480299
1435360478
12657234323
7269721094
34227057669
34908896087
35409831553
4104550493
8377522611
9223346520
21723282751
981025462
1919158119
8188561463
2937338640
41802290699
1155815005
37710268414
41671883404
33296201621
32529570881
5616274640
33271662323
6445262796
3106039195
3283434106
3537738905
1484713631
14751504292
926048869
41465350850
22930991806
2286875634
36391691590
1807531804
34020066244
39313672848
34987548413
1721946747
9175457268
20582735151
7092220258
14715091366
34404671618
353865010
1263218218
11301380702
33209774149
638695682
40618645432
8156070364
388537391
36905083875
2002691178
36847460450
6731153966
29872216025
2539919856
9161218338
35321013088
3728324158
38742259297
1549943408
7705440623
35352850273
13563479041
1753097341
32825237761
38510117054
15309503572
35377355425
6604803138
4128911488
6803613456
1205135205
42419799896
3759538593
7780104748
1673098767
2308807408
1192412068
4349820305
10170351718
2374041252
27663881979
30403329814
35684693615
4375817859
34927014377
34005627099
15043178204
1424811299
3457245473
21857731943
7874252743
44304828389
8243401248
34801989246
4657177559
1494538107
11830847289
3972194275
7804247894
4254290622
2225119724
7870798861
33194595161
7246489337
25302278706
3557224889
1091660160
4145878404
7901187945
4159236299
7509108206
37251406215
2074122729
2226461081
4175564420
41793777547
7554821931
4487262698
39162791608
3566687649
333244753
2022425603
4517714139
2339644206
26313443131
38662269153
5820867487
39499766830
21519096304
3175771602
12248471059
1248255360
14515693569
15164954783
265599887
32496952518
2953632225
9196629471
8253790141
534895712
2270138335
36823761614
979652878
1453979984
32494414998
7396562739
2238461140
3256947795
6806701786
1652471583
8373476784
4473351045
3901587312
1273019161
44423765415
1929079704
346988838
3550207356
15714188410
9510752681
37522048685
12247882055
17551122946
40203127743
7977304431
32561439354
5854786888
4251508658
3427189269
37948992262
10984761422
2996608645
8932269763
15309528509
36564821142
4346608139
6808141277
3432288472
6019787201
42614940791
32770371418
2104975581
13703034689
39724243742
7215601439
3310343546
41717625701
3916050536
3052398956
39680491826
23846409630
32428372631
1498692522
39269499057
4652006626
31083263940
11402575554
2516599631
13228395100
6935046716
2124123121
5711733745
7912695193
1325664306
36368968879
39918872941
39127002852
10346387604
5712879293
38323027099
40918846024
44684821106
4370084900
591292499
245323739
19975638109
37212497802
17529957548
39712176095
7148930602
1400026291
4717243964
32582236688
5508638094
5674711092
2079570968
38823397642
36067883474
26495483562
13461700801
1401423507
1781153213
24063696324
8726020497
4217223607
4184557040
2922334091
7706060696
34675905539
33472855171
4669187460
5743428623
38993165029
8509722268
8625442666
36345170298
16093349146
3286897074
20186439943
41325801761
21787239345
28157856694
40681929649
9218422700
4118811378
12886484371
40462170538
41334952762
341990580
18055026724
36106243140
11110689593
4010750237
18826981120
39458864655
9053911971
3161541763
52824155
34921878247
2236620376
2218694928
8478704806
38467648605
6841379298
40501826895
7296801000
1684100712
7083429549
1774780923
35916269039
4754235980
14675159484
3262825315
19500609544
37950909038
7589881694
2286663379
33730933871
32488187482
7053705873
926281262
43731499126
16480202289
6549659603
2953465383
38413571107
506233209
1914480142
7231224541
44006475916
5753876698
7054054975
2986318453
35871329475
1108958748
1695492981
2151046592
2104535805
6103609658
11190098907
40857363618
5331900027
20301518249
34751509372
7073894580
41674375903
3627783550
4171723840
1432523685
6661388769
6954597815
18832880673
3134523069
1360813354
21519193679
3143796864
4860489710
31998924634
42414502732
42346300477
34384873482
31387450911
6199359357
8330642818
9868069451
14914888220
5466610779
1943658121
36999376421
8621447674
2078514745
5608115575
9051078673
8629312510
3950378752
11433423228
7584198879
19626106292
7864606503
7246252148
10157725526
2364576270
1691429908
2577712873
8356682811
1670789686
1589976271
40139351967
12729434153
17626906968
8076584630
37214893134
6722890080
7577931741
39987935865
332004071
34932267951
38654166260
33031177041
17361819272
3202086696
5808143048
4269675244
10438909
35070057750
316674270
12642583885
3513524421
16906730279
15984831620
13392989500
30625589108
4733742782
7038634529
5614861035
1216261082
34907380935
2055068330
2017558519
7889088854
3733864175
44466839494
2072559623
30862777787
2147846312
8057281798
9262428455
29206079813
4146701507
6177499126
30818041305
26094333223
10662893991
14004781216
7868088888
344787518
31581954403
6742251559
7751572564
2281945581
8041681786
35151396704
4110159462
10326987621
35321439837
2534461181
8038055380
272828109
3262960997
36567676206
2244377376
35690645824
4043822422
33308870004
1401871582
1607389474
36179437432
33641915413
4238360842
8914935622
3786376230
6404666654
16976256751
35201296193
30376830445
31533096942
8921461196
6724693574
34602207203
11326986280
3495563415
40870599322
4309190103
4076355023
37728167979
13041940868
17201569613
249010085
38489975787
26956331056
16502150356
5730208166
1494368531
7065245565
37722962000
40930043578
42656490429
5620346404
1487970468
13509551909
36749769143
9878827447
2075654430
12727462874
5437893655
1821091066
40031400381
36801080940
1239333119
2337012392
34034420445
1090557631
4090875046
7749859704
4809465940
7935902418
36096048334
2176050337
7424910721
9272243679
531611278
6021741559
1557170040
12492973642
7215752819
7378893684
2065527461
37742701554
12333682065
3178108850
38952267449
39742432940
6725060929
5327575502
6299436302
41288213556
40329586114
39142843991
43681016044
39400201005
38787021537
5397402160
26672822429
5004634622
3677356691
662818508
3252292344
3646673351
32097751494
2931823983
4109934619
9380343813
29380833
5722024483
4583930825
36485594466
39936897374
32453368187
38823022481
13746881030
5355704954
4058567124
6556837727
6019542380
6015433923
6064065762
2054362889
18037039796
34936160756
27456664645
6301258164
7790814627
4530852611
30579491298
10717101211
15962632056
23337398752
7517436389
2300520882
3553577232
29470518673
1532938426
5682993386
7593394460
7440440283
9649212974
32913210668
20702586292
1292193960
3602115484
31587899792
6804632220
8913525086
19574521910
1943759189
11219673279
18103690260
9854115260
6183477110
37508317041
3035103320
1548343875
2271814053
8424199114
33411230266
4025801669
34819414647
33016610899
38700520310
15270818075
6269208846
4807949452
5497633281
5429474342
31239856824
28080874055
39374781356
34973298159
1553282817
17349980384
5571264360
35052213031
35834049263
40421275056
7291908099
8923748015
5534091232
39677079283
39181209212
43864356491
35621610775
36841096694
11619486788
18297541882
33185025806
3102711109
2288495423
4367214430
40085680711
9731811792
26497178192
32304240517
7056374603
13379324136
2884952697
4198730684
21983338427
21290888059
31733970714
3628873385
23947040038
39487331981
19101425814
33633509721
7086655536
12785478410
38530806584
39158555547
31956666974
39431291353
1258733776
37028871276
24725114581
38290071290
5490114723
13591897828
5822523395
35860115699
4297117102
15923169252
727486147
1986104601
30187018093
32199158868
14514261687
3427862780
23164811685
13457220207
35219087232
467037605
21028204131
16716269070
38577592676
26452772253
8684406306
14440401359
628740407
29417913937
38923425781
14338076860
8388375935
1237074120
3266212883
40682612576
31826097084
37146211190
10440235872
39908812880
27146502643
37683427849
13874877684
38415318953
25733326817
9131405062
2076092613
1393146793
16456064140
11140253135
2270884783
38506917504
31710761182
4179180730
27228720981
20899372335
2252595390
35182542936
32423947271
24071915926
33473897102
1573769011
28910905872
1431468343
21266926687
16084265750
36963175139
19266248794
37472068855
37456463769
36569149697
3587877020
2373753199
3941751429
36292286373
3787404856
5443251067
19265695289
4506341054
4244204809
19299192689
1052365732
9149842858
5484868610
32521215905
4037756421
806617523
3568660379
5522388077
33955519116
30362047719
38495251912
1693793386
15254987857
33659388785
7535375757
1668326547
39041984400
13149647599
29713986025
3672745746
30552527109
8535943679
5909748847
2188352276
16851266576
8428762150
38745187118
9910514425
20755499356
24647737024
1522050743
4725510828
1808151638
5767349732
13978859974
2906740323
37017410882
7358099721
222209218
37030683914
1836107711
39620939669
14946915739
34381521174
28935953329
29349117947
37355823347
8157323833
35198869820
550178054
37079448603
21418239175
34637221618
34503193606
11568333242
17287088705
1964237864
4107193248
11321024060
1534785000
33130665979
30564225824
40842544561
28392111119
10949286734
1673798453
35284070869
18097787560
3436967540
5332421702
3643265319
37708675849
3300118245
4104393127
411736731
36069813526
34643793409
8758921668
37780955879
17369901465
34206552055
5852194885
5065597406
36881829234
1567607331
8507556070
4032855703
4466702856
36420342381
2088994424
37452176849
42626316406
10513951756
30373156529
36413824710
34423859105
5830558744
5837507416
13141156746
8328866772
2247828836
40682371799
8565507136
6317548168
3594835440
29281267650
28331123299
35195274634
35397349850
1544451669
1570985661
44493659442
6950342876
23788027123
4448540492
4912703211
7349361563
41661759822
36667031704
8336809470
2459803750
1581024700
2200796643
35815035113
36033388049
7092624603
15531561687
39416426860
24317016768
4265327623
2993351174
1298970241
39669684375
27933847333
21693732304
4775553781
2535440172
4201895307
34977343743
8019841277
37064523585
6161176044
10223241525
21466412882
9683074688
39681139433
14423125535
23377709211
37357186665
40088608123
41385151509
8016073332
1559281050
4169232557
5351608487
17621701593
1368049798
12078918441
8767570555
7056309360
38995906131
43262689976
7703871637
29664093258
6571925014
38302084781
34724446689
25007193310
9880520752
34949750675
38348512368
33957671519
41531892039
33381404174
41160793387
31949231345
4500465945
40753823106
3312147045
6268591235
23205381503
35149649819
8135567261
456859591
28935237456
34820173484
27506442106
35857748251
29352866715
12098426540
10084833723
7666986590
6009412146
1184336490
8221562522
34212773115
6857390512
32450426513
15152308839
5390016384
4972631775
2965633408
3832237069
2323880967
33041756026
7264876602
3207743418
15905842334
7182631223
39419343494
39449721183
42298478532
5526686984
32986012920
37110925465
1920150302
1963108895
3959646764
4209313822
8894996519
8929213986
6294628076
220365472
35562659856
870678774
27775925356
23143449295
33208923160
4805301779
33253586913
38191583777
21805648351
14420438236
15120283596
19505352847
44184796006
8071848424
31542707252
39762081218
34982255760
3971951902
1944148357
7361058016
1394471081
14416232377
36574113305
2367861322
26509241658
11117963264
3634717361
5685859042
34900518366
19632552379
15231246746
16189714150
40885227646
38560084977
4136280240
25597731639
35181521873
34503955488
1405736814
29078019
25132364279
1572298016
4269091651
40206262781
3038989069
8036502810
11646116215
34151622585
8993695909
31076539917
4216418165
16022608463
39375064047
5921805566
8701524858
22672890501
27662028742
8135539293
15167010874
8903388257
22561147572
4945926292
34404234824
8289408018
2253432719
6843901319
13149547831
2163816168
10354784816
36064510454
36561325381
37293560434
7546513834
21036493345
35221813317
3828448753
1384009897
1190551776
3570932508
1548483795
4677040917
29181053863
14494545859
6909115248
39972131013
33070893369
3460598936
31116264227
7231581267
9421568795
39913949154
5432732936
41406451114
38500798220
10342266024
35339759689
33638776561
7074538162
39694694846
6731449404
5586331166
27399146577
42791287832
7346127706
35210121909
7612755399
1921737119
38943286439
6905247762
13065380042
2966628690
5532383049
5864899776
30732376773
6043917167
5740656372
26919703211
1621845265
4649275821
268330646
1690215948
36789179761
3997575432
2236997706
3657428534
34754946804
36623721391
9205378059
40803279224
3176556069
18356288022
36119667468
29047889917
12430277537
5777307536
14970567756
31727880247
11949714943
38766450485
33127484800
28954077812
7650003199
9138176391
6654770984
32881083206
27170277589
39386722318
29163258357
7465300671
27271143252
20502931048
44198180286
8124152168
4440464375
8281606351
7339527424
7623288154
9677602471
1965731758
33257477188
3515873687
43801158140
33764097679
14072157214
37701254540
15976140998
2898159902
33995453888
31082905868
13290331411
1556012499
32447686973
24502304243
290222438
4037577314
36992804144
12512367952
2151059517
42368999667
291872525
33923065354
5665304499
38322128691
37452060925
44098818945
4104655364
14495448160
3761999666
7910015705
3501032276
1900822268
33980182803
39377725723
2659522360
6861562975
32320009486
38307509105
37202475378
33924628160
10595836663
33932655299
26530466259
39260262008
579342757
7403220579
39231663037
37712446190
38516763411
39634533730
6110930494
41117702367
1932280769
40227422764
4683399133
8480354718
6809064575
36169495927
30720113254
18509600533
5476141510
43184740
2319956588
1537109574
21900366832
38983159003
2084547726
2247583253
30305950447
1515297988
1287909287
39285537169
38301142416
4818132166
7607789415
7129571952
3643072310
5325457746
5032099277
3322041450
6510291069
1129746945
24871821327
44764211523
42688235258
36378958621
6136015750
4656722408
12786160131
7614062338
4349799065
2289779248
2058040319
9755750480
38753519854
6647705701
18295366296
43882533118
37544320860
2296477908
9172187954
26252661711
8562707029
22967330385
8327122093
6634743827
41322965640
1797268476
465195928
41112496276
35161453706
7771191190
37755577738
40983228625
34702332805
1386193208
37963834569
7734055336
37511303549
40517096038
12009732292
36318802168
27686520688
26714053455
40244393551
37152180825
8944684656
31704906114
30614307810
32814091391
38779075304
44584498233
14744150669
18991494634
42665749409
32415618253
33753136977
38449587173
41113145418
38935587109
26173400524
39524762509
39946660246
20095223458
36294809638
40737137925
39483850012
39863708703
40829587825
33963688465
37559854715
40661718479
21279322444
29901560051
21384030146
32583809098
38327643245
19366714730
38782727824
41545692024
29055872558
34441000821
28914151192
39528229369
33536283142
36602085800
1215665007
13979866
7808208602
38806153687
15204069861
40179847315
39457846232
26266258258
40015451792
35775914855
34735128983
7201621327
27363895215
40165350728
38736246156
34988002935
20574804103
9158083155
6849532829
7357489128
21067909097
40933630398
39692845521
18337771701
39019684003
39163034403
36580748399
9645811492
35929287265
16926571205
44126377598
39175233176
39059315964
35693346045
7164866662
17068558515
38253868625
34029952248
32959361798
13466929723
37966968087
11463928593
40231205820
757041651
39424121121
8459339118
18045348155
30273545257
35939514174
11469020666
39719180710
35542933593
1449117571
17659649658
40944496087
32803165827
21616329769
39926754741
34420017962
39891870317
31389433241
32806822901
39307752530
39863285627
40959309897
2300460443
12315463763
40451972889
5477288851
39939036444
41336521114
40283546077
7759609180
17152868981
29825269694
36974946316
39938387762
34150018390
32764286430
32193357967
34460827715
40094732066
4221445358
3581305004
40823085458
6536059070
23146486264
39546412078
38590835635
36552038572
13761801095
38186050910
39056457311
1432357256
34356541853
13523255720
39894908791
14006783489
38697633120
3491493673
32643964065
17384503725
36497955250
35570414012
36662917561
40501257823
37597786613
4785988172
37841053920
33515560553
6323807767
33552690792
37557820169
32191974532
40297850095
40275808327
40224204346
21411836804
37589057648
39506421044
20723716614
18824883326
8354032360
7972014438
29080591514
34254177528
32806297826
38526897534
41527667249
8583377171
8137065597
13963764598
15735584012
29526724276
7386894827
31715313697
38517255912
28567803452
15531298640
35194178726
36877928270
8403564038
40291347847
382925572
2272429952
41348952911
777893725
17045568469
25045910962
36821000505
38461528078
18414786917
38912455615
7981727089
11762288682
39234686901
39216870409
38701237647
36510960989
44081982606
21945636868
39714468059
40862752637
31006072994
9998183874
39725028689
20080782425
17936051327
33545788082
7652303226
32096683334
7402250359
1546718347
29420431289
38515927996
31698902080
12532700847
40248414815
39713934247
29900467799
3589765143
9262626607
32338703132
31360961826
8264219681
12780299391
8643828208
38290557674
39235756858
8612972777
39228841116
38519962246
39744090334
25015663678
33384041569
38994306618
40218339527
9264821586
35567983432
38269328172
9754183469
33990988267
25784800805
7295115387
37815019031
40744081957
40520303234
39187302256
33719394860
17697455834
39027025420
39250422045
12048295718
30494020317
38041458566
32018781769
25588052274
8960948948
34371867124
33860670598
39754247177
17817826542
31757607723
4966497711
31480775645
18147304235
33697483213
40034827339
13321854638
39198470260
15718139299
40105984574
37759933239
34616803896
38746022843
8732055412
18729844410
29921635455
7327645936
40349807982
35763545689
26182312923
39843540660
3140537115
34448873418
11705203960
22167594305
39378338165
35064061353
33715115736
32907359770
38289471705
33754816862
35166533376
39258604745
8576763142
20913009430
29629943842
14077665507
35788691811
34687300224
39604679758
38952497027
1560036729
32765050763
39414836041
40020340914
5314404622
41801554683
39758933948
342992816
40565199952
22949969002
17645579590
33428734429
33382113641
44327344729
40208532337
3935738539
39257476002
38784228453
6006257355
35795817200
39017186616
34263080870
38072442766
15716129438
32209710450
37495105158
30900060282
35799962424
39532175520
39549663665
36109948396
40971315911
37826579246
13278442227
40018124254
20733227889
39507653082
38077941293
33956400662
31452967604
40694838010
28380115840
36970731627
38086293918
44582387845
25742790451
36297270897
18060134844
35556087971
39251703082
38668227031
33964312833
37836490680
33065773665
34731771819
38476069509
39783736049
6642770948
7151107757
38053558438
8468846430
3437629032
17371719212
34738480096
40019348201
27723882042
40492443166
38201662743
26520152496
37782585653
41287681206
17130277692
4910566235
32769638114
34359258878
14433773678
35429658207
35088746351
12353520818
36245907888
35896942379
43859655505
33924063750
34739532844
39041469493
40179559849
34917165487
38934487258
39029323171
18047222535
18727437537
7906629653
39190526221
31372597719
34175601052
40500015966
35316212029
34450734210
24128204778
12094566086
28863086922
9465864602
40858160447
39177655561
41186150879
41931691165
38328931
18613592063
3678832917
38441855089
39742943833
29559475173
15453593860
1624045095
39462446179
40860144675
8438880652
36390621793
19287032843
5475126402
7898399724
38342164370
12604395522
38530502136
6202031070
32675924181
8580879806
33225813574
38242246602
38780425823
35329888436
35837479482
26903455131
10338651551
39283725571
35950363641
32520457654
38541851938
21313323873
32924358430
35076819428
38317254046
40622193958
34510429385
13545023382
40826910721
36361131662
4553141827
2246186642
25092004726
14169102301
6186272241
3875059062
38661775131
39443798705
18063690072
13019856372
36886478814
34707323833
39209658455
22976634274
5510664363
7861311773
40450243167
9196474168
30175176849
34848530232
32812159561
36896820848
32996741322
6678749423
33130842537
6300805607
6857755202
39402317209
37248461481
9435625446
35134831237
8980022002
7692884659
4573118329
25454680828
38400907685
11843538698
11115226683
35902665484
39620997604
33675292944
38552215994
38657571691
37826473843
34818701861
33863975061
38780068642
4543573754
11643279792
38660859010
2280537111
40015123385
32175721706
8185092798
2932644280
35168275338
3113561919
40715516131
31721681264
9311489750
5971667316
37068042443
34360575863
39447350739
7660303096
10682782400
34574137160
39855496196
17148413643
28223609485
39179874806
12090580748
32981748784
23882011084
39225291227
21162127713
21579757076
33997012036
31264106960
7786621325
11810077978
35301817207
240198631
39478196985
38920804147
39028458806
32229676459
33610938661
4820738679
11869883955
38530874340
33310770953
40560931797
39002355984
37073569912
6168311483
41120223520
38969384575
38591211514
39023241104
34472750559
35596099885
39874878341
38308140182
34638757439
36585525300
38576443485
26590111923
18073793393
37275112068
39910351877
27268125422
34665487270
40244312220
36253082778
35542171221
7934720208
9388786184
28010827681
18005104729
32324700113
26663699314
40342964134
40023355426
40025720078
37764372758
39883796394
15041839142
33491019324
38653859025
13007560038
34719919060
29327332250
36791344450
5586355423
33292937401
34494796894
39543022558
3546332917
24090305093
34250519788
24431715879
40434384043
38300642920
34341730639
19047196367
16462783265
33491002977
40413700934
41135987907
35844609892
42868095155
40903754726
17375375053
39615113232
37096250482
34257974461
41338929540
39737352716
1920666023
23916692904
26339089543
4937881441
9031012133
34465348465
38576155986
39453181386
37738346858
32431378222
39926695777
37091774789
32986278545
37212575318
3110725938
27069557387
33702203887
21806330509
34731500846
34609587954
1632059833
37293934285
40194193902
39032474834
39769028652
20424767134
5831062264
38573603671
35142639167
37972003519
34662693878
35853197162
1456024539
44715676
41163568548
36331723687
3005987166
37720225356
40508423388
7358382528
8068481084
40258066856
38107076988
40818623374
39043933669
16990018308
39943261068
38994091037
37762567272
12164109931
34008202374
32818337946
16411985624
40153455744
4255941788
35133817151
40587569381
40769390436
3021889913
37060908168
34486226284
